00000011100   
00001001100   
00001111111   
00010010011   
00010010001   
00010000001   
00001101001   
00001001111   
00000110110   
00000100000   
00000001111   
00000000011   
11111111011   
11111110110   
11111110100   
11111110100   
11111110101   
11111110111   
11111111001   
11111111011   
11111111101   
11111111111   
00000000000   
00000000001   
00000000010   
00000000010   
00000000010   
00000000010   
00000000010   
00000000010   
00000000010   
00000000010   
00000000010   
00000000010   
00000000010   
00000000010   
00000000010   
00000000010   
00000000010   
00000000010   
00000000010   
00000000010   
00000000010   
00000000010   
00000000010   
00000000010   
00000000010   
00000000010   
00000000010   
00000000010   
00000000010   
00000000010   
00000000010   
00000000010   
00000000010   
00000000010   
00000000010   
00000000010   
00000000010   
00000000010   
00000000010   
00000000010   
00000000010   
00000000010   
00000000010   
00000000010   
00000000010   
00000000010   
00000000010   
00000000010   
00000000010   
00000000010   
00000000010   
00000000010   
00000000010   
00000000010   
00000000010   
00000000010   
00000000010   
00000000010   
00000000010   
00000000010   
00000000010   
00000000010   
00000000010   
00000000010   
00000000010   
00000000010   
00000000010   
00000000010   
00000000010   
00000000010   
00000000010   
00000000010   
00000000010   
00000000010   
00000000010   
00000000010   
00000000010   
00000000010   
00000000010   
00000000010   
00000000010   
00000000010   
