00000101111   
00000111001   
00001011100   
00001011010   
00000111001   
00000001001   
11111011101   
11111000011   
11111000010   
11111010111   
11111111000   
00000010111   
00000101010   
00000101100   
00000011110   
00000000111   
11111110001   
11111100011   
11111100001   
11111101010   
11111111001   
00000001000   
00000010010   
00000010100   
00000001111   
00000000101   
11111111011   
11111110100   
11111110010   
11111110101   
11111111011   
00000000010   
00000000111   
00000001001   
00000001000   
00000000100   
11111111111   
11111111011   
11111111001   
11111111010   
11111111101   
00000000001   
00000000100   
00000000101   
00000000100   
00000000010   
00000000000   
11111111110   
11111111101   
11111111101   
11111111110   
00000000000   
00000000010   
00000000011   
00000000011   
00000000010   
00000000000   
11111111110   
11111111101   
11111111101   
11111111110   
00000000000   
00000000010   
00000000011   
00000000011   
00000000010   
00000000000   
11111111110   
11111111101   
11111111101   
11111111110   
00000000000   
00000000010   
00000000011   
00000000011   
00000000010   
00000000000   
11111111110   
11111111101   
11111111101   
11111111110   
00000000000   
00000000010   
00000000011   
00000000011   
00000000010   
00000000000   
11111111110   
11111111101   
11111111101   
11111111110   
00000000000   
00000000010   
00000000011   
00000000011   
00000000010   
00000000000   
11111111110   
11111111101   
11111111101   
11111111110   
00000000000   
00000000010   
00000000011   
