00000000000   0.000000
00000000000   0.000000
00000000001   0.000977
00000000101   0.004883
00000001101   0.012695
00000011000   0.023438
00000100011   0.034180
00000101011   0.041992
00000101100   0.042969
00000100101   0.036133
00000011000   0.023438
00000001001   0.008789
11111111100   -0.003906
11111110100   -0.011719
11111110010   -0.013672
11111110101   -0.010742
11111111011   -0.004883
00000000001   0.000977
00000000101   0.004883
00000000110   0.005859
00000000100   0.003906
00000000000   0.000000
11111111100   -0.003906
11111111010   -0.005859
11111111010   -0.005859
11111111100   -0.003906
11111111111   -0.000977
00000000010   0.001953
00000000100   0.003906
00000000100   0.003906
00000000011   0.002930
00000000001   0.000977
11111111111   -0.000977
11111111110   -0.001953
11111111110   -0.001953
11111111111   -0.000977
00000000000   0.000000
00000000001   0.000977
00000000010   0.001953
00000000010   0.001953
00000000001   0.000977
00000000000   0.000000
11111111111   -0.000977
11111111111   -0.000977
00000000000   0.000000
00000000001   0.000977
00000000010   0.001953
00000000010   0.001953
00000000001   0.000977
00000000000   0.000000
11111111111   -0.000977
11111111111   -0.000977
00000000000   0.000000
00000000001   0.000977
00000000010   0.001953
00000000010   0.001953
00000000001   0.000977
00000000000   0.000000
11111111111   -0.000977
11111111111   -0.000977
00000000000   0.000000
00000000001   0.000977
00000000010   0.001953
00000000010   0.001953
00000000001   0.000977
00000000000   0.000000
11111111111   -0.000977
11111111111   -0.000977
00000000000   0.000000
00000000001   0.000977
00000000010   0.001953
00000000010   0.001953
00000000001   0.000977
00000000000   0.000000
11111111111   -0.000977
11111111111   -0.000977
00000000000   0.000000
00000000001   0.000977
00000000010   0.001953
00000000010   0.001953
00000000001   0.000977
00000000000   0.000000
11111111111   -0.000977
11111111111   -0.000977
00000000000   0.000000
00000000001   0.000977
00000000010   0.001953
00000000010   0.001953
00000000001   0.000977
00000000000   0.000000
11111111111   -0.000977
11111111111   -0.000977
00000000000   0.000000
00000000001   0.000977
00000000010   0.001953
00000000010   0.001953
00000000001   0.000977
00000000000   0.000000
11111111111   -0.000977
11111111111   -0.000977
00000000000   0.000000
00000000001   0.000977
00000000010   0.001953
00000000010   0.001953
